   1.4255500e+03   1.1270332e+04   7.0171301e+02
   1.4257000e+03   1.1274809e+04   6.9399056e+02
   1.4258300e+03   1.1278689e+04   7.0670078e+02
   1.4259600e+03   1.1282569e+04   7.0408998e+02
   1.4261000e+03   1.1286747e+04   7.0765874e+02
   1.4262500e+03   1.1291224e+04   6.9953987e+02
   1.4263800e+03   1.1295104e+04   7.1511535e+02
   1.4265100e+03   1.1298984e+04   7.1883469e+02
   1.4266500e+03   1.1303163e+04   7.1286515e+02
   1.4268000e+03   1.1307640e+04   7.2193899e+02
   1.4269300e+03   1.1311520e+04   7.2171889e+02
   1.4270600e+03   1.1315400e+04   7.2588353e+02
   1.4272000e+03   1.1319579e+04   7.1874637e+02
   1.4273500e+03   1.1324056e+04   7.2605252e+02
   1.4274800e+03   1.1327936e+04   7.2506062e+02
   1.4276150e+03   1.1331965e+04   7.2943930e+02
   1.4277600e+03   1.1336293e+04   7.2777264e+02
   1.4279000e+03   1.1340471e+04   7.3524521e+02
   1.4280300e+03   1.1344351e+04   7.2928385e+02
   1.4281600e+03   1.1348231e+04   7.3811153e+02
   1.4283000e+03   1.1352410e+04   7.3885112e+02
   1.4284500e+03   1.1356887e+04   7.4305323e+02
   1.4285800e+03   1.1360767e+04   7.5416037e+02
   1.4287100e+03   1.1364647e+04   7.4867560e+02
   1.4288500e+03   1.1368826e+04   7.4845445e+02
   1.4290000e+03   1.1373303e+04   7.4996634e+02
   1.4291300e+03   1.1377183e+04   7.5003291e+02
   1.4292600e+03   1.1381063e+04   7.4802788e+02
   1.4294000e+03   1.1385241e+04   7.4461067e+02
   1.4295500e+03   1.1389718e+04   7.4382423e+02
   1.4296800e+03   1.1393598e+04   7.4573281e+02
   1.4298100e+03   1.1397479e+04   7.4764592e+02
   1.4299500e+03   1.1401657e+04   7.4856839e+02
   1.4300900e+03   1.1405836e+04   7.5825197e+02
   1.4302200e+03   1.1409716e+04   7.5253922e+02
   1.4303500e+03   1.1413596e+04   7.5631173e+02
   1.4304800e+03   1.1417476e+04   7.5623625e+02
   1.4306500e+03   1.1422550e+04   7.7009601e+02
   1.4307800e+03   1.1426430e+04   7.5850992e+02
   1.4309100e+03   1.1430310e+04   7.6248661e+02
   1.4310500e+03   1.1434488e+04   7.6897952e+02
   1.4312000e+03   1.1438965e+04   7.7089147e+02
   1.4313300e+03   1.1442845e+04   7.7431980e+02
   1.4314600e+03   1.1446495e+04   7.7821087e+02
   1.4316000e+03   1.1450255e+04   7.7428240e+02
   1.4317500e+03   1.1454283e+04   7.8076543e+02
   1.4318800e+03   1.1457774e+04   7.8147650e+02
   1.4320100e+03   1.1461265e+04   7.8733515e+02
   1.4321500e+03   1.1465025e+04   7.7810865e+02
   1.4323000e+03   1.1469053e+04   7.7492629e+02
   1.4324300e+03   1.1472544e+04   7.7772994e+02
   1.4325600e+03   1.1476035e+04   7.7757764e+02
   1.4327000e+03   1.1479795e+04   7.6679746e+02
   1.4334050e+03   1.1498727e+04   7.6553042e+02
   1.4337450e+03   1.1507858e+04   7.4110410e+02
   1.4338150e+03   1.1509737e+04   7.3679069e+02
   1.4348300e+03   1.1536995e+04   6.5558286e+02
   1.4356050e+03   1.1557807e+04   6.2026434e+02
   1.4359300e+03   1.1569142e+04   5.6558726e+02
   1.4360100e+03   1.1572515e+04   5.6686383e+02
   1.4366400e+03   1.1599081e+04   5.1510419e+02
   1.4367200e+03   1.1602454e+04   5.1491927e+02
   1.4372000e+03   1.1622694e+04   5.1081776e+02
   1.4372500e+03   1.1624803e+04   5.1873017e+02
   1.4373800e+03   1.1630285e+04   5.1231871e+02
   1.4375100e+03   1.1635766e+04   5.1084970e+02
   1.4376500e+03   1.1641670e+04   5.0908496e+02
   1.4377350e+03   1.1645254e+04   5.0416058e+02
   1.4378050e+03   1.1648206e+04   5.1089681e+02
   1.4378750e+03   1.1651158e+04   5.0759096e+02
   1.4383000e+03   1.1669079e+04   5.2280554e+02
   1.4388500e+03   1.1696098e+04   5.0578445e+02
   1.4394000e+03   1.1732666e+04   5.2524003e+02
   1.4400050e+03   1.1772890e+04   5.1561033e+02
   1.4410450e+03   1.1842036e+04   5.2405072e+02
   1.4415900e+03   1.1878272e+04   5.1509258e+02
   1.4422050e+03   1.1907762e+04   5.0897675e+02
   1.4432400e+03   1.1956216e+04   5.1656853e+02
   1.4437900e+03   1.1981965e+04   5.1309019e+02
   1.4444050e+03   1.2010756e+04   4.9774121e+02
   1.4454400e+03   1.2065990e+04   5.0403180e+02
   1.4459900e+03   1.2098392e+04   5.0589076e+02
   1.4466050e+03   1.2134623e+04   5.0980471e+02
   1.4476400e+03   1.2195597e+04   5.0280219e+02
   1.4481900e+03   1.2225337e+04   5.0316844e+02
   1.4488050e+03   1.2258358e+04   5.0116355e+02
   1.4498400e+03   1.2313929e+04   4.9581373e+02
   1.4503900e+03   1.2343460e+04   5.1176925e+02
   1.4510050e+03   1.2374537e+04   5.0704226e+02
   1.4514900e+03   1.2398700e+04   5.0261952e+02
   1.4521000e+03   1.2429090e+04   5.0018125e+02
   1.4522300e+03   1.2435567e+04   5.0080251e+02
   1.4523600e+03   1.2442044e+04   4.9750710e+02
   1.4525000e+03   1.2449019e+04   5.0073815e+02
   1.4526500e+03   1.2456492e+04   5.0109583e+02
   1.4527800e+03   1.2462969e+04   4.9856814e+02
   1.4529100e+03   1.2469445e+04   4.9832767e+02
   1.4530500e+03   1.2476420e+04   4.9782932e+02
   1.4532000e+03   1.2483893e+04   5.0000118e+02
   1.4533300e+03   1.2490370e+04   5.1289396e+02
   1.4534600e+03   1.2496847e+04   5.0247865e+02
   1.4536000e+03   1.2504754e+04   4.9690037e+02
   1.4537500e+03   1.2513649e+04   4.8949272e+02
   1.4538800e+03   1.2521359e+04   5.0142889e+02
   1.4540100e+03   1.2529068e+04   4.9831694e+02
   1.4541500e+03   1.2537371e+04   4.9583685e+02
   1.4543000e+03   1.2546266e+04   4.9407073e+02
   1.4544300e+03   1.2553976e+04   4.8927653e+02
   1.4545600e+03   1.2561685e+04   5.0242779e+02
   1.4547000e+03   1.2569988e+04   5.0771395e+02
   1.4548500e+03   1.2578883e+04   4.9683069e+02
   1.4549800e+03   1.2586593e+04   5.0108839e+02
   1.4551100e+03   1.2594302e+04   5.0636420e+02
   1.4552500e+03   1.2602605e+04   5.0897854e+02
   1.4554000e+03   1.2611500e+04   5.1184060e+02
   1.4555300e+03   1.2619210e+04   5.1790304e+02
   1.4556600e+03   1.2626919e+04   5.1969965e+02
   1.4558000e+03   1.2635222e+04   5.1508865e+02
   1.4559500e+03   1.2644117e+04   5.2269937e+02
   1.4560800e+03   1.2651827e+04   5.3380413e+02
   1.4562100e+03   1.2659536e+04   5.2985602e+02
   1.4563500e+03   1.2667839e+04   5.3321948e+02
   1.4564850e+03   1.2675845e+04   5.3817465e+02
   1.4566200e+03   1.2683612e+04   5.4560185e+02
   1.4567500e+03   1.2689095e+04   5.3659880e+02
   1.4568950e+03   1.2695211e+04   5.4014983e+02
   1.4570500e+03   1.2701748e+04   5.4480089e+02
   1.4571800e+03   1.2707231e+04   5.3933139e+02
   1.4573100e+03   1.2712714e+04   5.5122411e+02
   1.4574500e+03   1.2718619e+04   5.5989607e+02
   1.4576000e+03   1.2724946e+04   5.5456561e+02
   1.4577300e+03   1.2730429e+04   5.5587836e+02
   1.4580000e+03   1.2741817e+04   5.5826297e+02
   1.4581500e+03   1.2748144e+04   5.7585455e+02
   1.4582800e+03   1.2753627e+04   5.8148287e+02
   1.4584100e+03   1.2759110e+04   6.0085524e+02
   1.4585500e+03   1.2765015e+04   5.9826753e+02
   1.4587000e+03   1.2771342e+04   6.2063632e+02
   1.4588300e+03   1.2776825e+04   6.1760568e+02
   1.4589600e+03   1.2782308e+04   6.2793298e+02
   1.4591000e+03   1.2788213e+04   6.3554852e+02
   1.4592500e+03   1.2794539e+04   6.3417204e+02
   1.4593800e+03   1.2800023e+04   6.3591331e+02
   1.4595100e+03   1.2805506e+04   6.3379252e+02
   1.4596500e+03   1.2811411e+04   6.4455282e+02
   1.4597900e+03   1.2817316e+04   6.5015710e+02
   1.4599200e+03   1.2822799e+04   6.5009701e+02
   1.4600500e+03   1.2828374e+04   6.5128149e+02
   1.4602000e+03   1.2835799e+04   6.5391435e+02
   1.4603500e+03   1.2843224e+04   6.6650657e+02
   1.4604800e+03   1.2849658e+04   6.6808661e+02
   1.4606100e+03   1.2856093e+04   6.6809419e+02
   1.4607500e+03   1.2863023e+04   6.7048614e+02
   1.4609000e+03   1.2870447e+04   6.9617459e+02
   1.4610400e+03   1.2877377e+04   6.9765381e+02
   1.4611700e+03   1.2883812e+04   6.9313823e+02
   1.4613050e+03   1.2890494e+04   6.9507578e+02
   1.4614500e+03   1.2897671e+04   6.9731169e+02
   1.4615800e+03   1.2904106e+04   7.0196888e+02
   1.4617100e+03   1.2910540e+04   7.0435940e+02
   1.4618500e+03   1.2917470e+04   7.0250231e+02
   1.4620000e+03   1.2924894e+04   7.0449103e+02
   1.4621300e+03   1.2931329e+04   7.0670564e+02
   1.4622600e+03   1.2937764e+04   7.0499635e+02
   1.4624000e+03   1.2944693e+04   7.0402797e+02
   1.4636500e+03   1.3000055e+04   6.7777390e+02
   1.4636550e+03   1.3000239e+04   6.8402349e+02
   1.4637800e+03   1.3004839e+04   6.7624478e+02
   1.4639100e+03   1.3009624e+04   6.7586002e+02
   1.4641400e+03   1.3018088e+04   6.8137465e+02
   1.4647550e+03   1.3040722e+04   6.6147316e+02
   1.4657900e+03   1.3078813e+04   6.4478808e+02
   1.4664050e+03   1.3101447e+04   6.3389870e+02
   1.4668900e+03   1.3119383e+04   6.5258428e+02
   1.4675050e+03   1.3142682e+04   6.5410411e+02
   1.4685500e+03   1.3182270e+04   6.9900019e+02
   1.4691550e+03   1.3205190e+04   7.0210245e+02
   1.4702550e+03   1.3246862e+04   6.9985158e+02
   1.4712950e+03   1.3288875e+04   7.1312632e+02
   1.4719050e+03   1.3315565e+04   7.1142388e+02
   1.4723900e+03   1.3336787e+04   7.0660030e+02
   1.4730050e+03   1.3363696e+04   7.0741334e+02
   1.4740450e+03   1.3409201e+04   7.1053870e+02
   1.4745900e+03   1.3433048e+04   7.0458403e+02
   1.4746550e+03   1.3435892e+04   7.0278444e+02
   1.4751400e+03   1.3457113e+04   7.0219699e+02
   1.4757550e+03   1.3482372e+04   7.0078987e+02
   1.4767900e+03   1.3518827e+04   7.0677546e+02
   1.4773400e+03   1.3538199e+04   6.9840217e+02
   1.4778900e+03   1.3557571e+04   6.8131814e+02
   1.4784400e+03   1.3576943e+04   6.6769773e+02
   1.4789900e+03   1.3596315e+04   6.6458778e+02
   1.4795400e+03   1.3615687e+04   6.8375439e+02
   1.4801550e+03   1.3635108e+04   6.8034215e+02
   1.4806400e+03   1.3650112e+04   6.8031905e+02
   1.4812550e+03   1.3669138e+04   6.8738007e+02
   1.4822900e+03   1.3701158e+04   7.0006750e+02
   1.4829050e+03   1.3720184e+04   6.9994905e+02
   1.4833900e+03   1.3739098e+04   6.8824339e+02
   1.4839325e+03   1.3770287e+04   6.8122518e+02
   1.4840050e+03   1.3774456e+04   6.7602903e+02
   1.4850400e+03   1.3833960e+04   6.8243800e+02
   1.4856550e+03   1.3869318e+04   6.7495741e+02
   1.4861400e+03   1.3897202e+04   6.7177968e+02
   1.4867550e+03   1.3930792e+04   6.3159670e+02
   1.4877900e+03   1.3986215e+04   6.1252759e+02
   1.4884050e+03   1.4019147e+04   6.1648477e+02
   1.4888900e+03   1.4045119e+04   6.5480398e+02
   1.4895050e+03   1.4074206e+04   6.6642191e+02
   1.4905250e+03   1.4106986e+04   6.6453712e+02
   1.4911550e+03   1.4127232e+04   6.5075523e+02
   1.4916400e+03   1.4142818e+04   6.5721125e+02
   1.4922550e+03   1.4162582e+04   6.6102088e+02
   1.4932900e+03   1.4195843e+04   6.5388789e+02
   1.4939050e+03   1.4213966e+04   6.4051144e+02
   1.4943900e+03   1.4225388e+04   6.4916126e+02
   1.4950050e+03   1.4239873e+04   6.4598184e+02
   1.4960400e+03   1.4264248e+04   6.5662059e+02
   1.4966550e+03   1.4278732e+04   6.3887404e+02
   1.4971400e+03   1.4290155e+04   6.5174071e+02
   1.4977550e+03   1.4304639e+04   6.5080635e+02
   1.4988500e+03   1.4330428e+04   6.6284999e+02
   1.4989800e+03   1.4334220e+04   6.6267593e+02
   1.4991100e+03   1.4339685e+04   6.4519105e+02
   1.4992500e+03   1.4345571e+04   6.5624766e+02
   1.4994000e+03   1.4351877e+04   6.5690592e+02
   1.4995300e+03   1.4357343e+04   6.5170302e+02
   1.4998000e+03   1.4368694e+04   6.6407449e+02
   1.4999500e+03   1.4375000e+04   6.5276979e+02
   1.5000800e+03   1.4380465e+04   6.5764255e+02
   1.5002100e+03   1.4385931e+04   6.6425930e+02
   1.5003500e+03   1.4391817e+04   6.6245428e+02
   1.5005000e+03   1.4398123e+04   6.5945613e+02
   1.5006300e+03   1.4403588e+04   6.4402360e+02
   1.5007600e+03   1.4409054e+04   6.6349444e+02
   1.5009000e+03   1.4414940e+04   6.6245634e+02
   1.5010500e+03   1.4421246e+04   6.6931464e+02
   1.5011800e+03   1.4426711e+04   6.5336483e+02
   1.5013100e+03   1.4432177e+04   6.5744707e+02
   1.5014500e+03   1.4438063e+04   6.5527138e+02
   1.5015900e+03   1.4443948e+04   6.5493799e+02
   1.5017200e+03   1.4449414e+04   6.5351116e+02
   1.5018500e+03   1.4454879e+04   6.5037606e+02
   1.5020000e+03   1.4461185e+04   6.5032815e+02
   1.5021500e+03   1.4467492e+04   6.4676939e+02
   1.5022800e+03   1.4472957e+04   6.3988668e+02
   1.5024100e+03   1.4478423e+04   6.4163593e+02
   1.5025500e+03   1.4484308e+04   6.4316063e+02
   1.5027000e+03   1.4490615e+04   6.3595934e+02
   1.5028300e+03   1.4496080e+04   6.3775634e+02
   1.5029600e+03   1.4501545e+04   6.2770095e+02
   1.5030850e+03   1.4506801e+04   6.2894419e+02
   1.5032500e+03   1.4513738e+04   6.3066158e+02
   1.5033800e+03   1.4519203e+04   6.2796656e+02
   1.5035100e+03   1.4525461e+04   6.2100411e+02
   1.5036500e+03   1.4532615e+04   6.1568445e+02
   1.5038000e+03   1.4540280e+04   6.0775334e+02
   1.5039300e+03   1.4546923e+04   6.0171407e+02
   1.5040600e+03   1.4553566e+04   5.9384636e+02
   1.5042000e+03   1.4560720e+04   6.0348763e+02
   1.5043500e+03   1.4568385e+04   5.9972346e+02
   1.5044800e+03   1.4575028e+04   5.7258239e+02
   1.5046100e+03   1.4581671e+04   5.8845058e+02
   1.5047500e+03   1.4588825e+04   5.5984404e+02
   1.5048425e+03   1.4593552e+04   5.5222126e+02
   1.5049000e+03   1.4596490e+04   5.6782411e+02
   1.5049275e+03   1.4597895e+04   5.6340915e+02
   1.5050300e+03   1.4603133e+04   5.5231557e+02
   1.5050550e+03   1.4604410e+04   5.3571592e+02
   1.5051375e+03   1.4608626e+04   5.4890966e+02
   1.5051600e+03   1.4609776e+04   5.4896891e+02
   1.5052225e+03   1.4612970e+04   5.4489389e+02
   1.5053000e+03   1.4616930e+04   5.4193767e+02
   1.5053050e+03   1.4617185e+04   5.3915194e+02
   1.5053850e+03   1.4621273e+04   5.1720730e+02
   1.5054500e+03   1.4624595e+04   5.3718143e+02
   1.5054825e+03   1.4626256e+04   5.3105275e+02
   1.5055800e+03   1.4631238e+04   5.1652344e+02
   1.5055850e+03   1.4631493e+04   4.9262580e+02
   1.5056525e+03   1.4634943e+04   5.1081699e+02
   1.5057100e+03   1.4637881e+04   5.1411419e+02
   1.5057575e+03   1.4640308e+04   5.1078760e+02
   1.5058500e+03   1.4645035e+04   5.1366719e+02
   1.5060000e+03   1.4652700e+04   5.0964427e+02
   1.5061300e+03   1.4659343e+04   5.0595571e+02
   1.5062600e+03   1.4665986e+04   5.0905454e+02
   1.5064000e+03   1.4674429e+04   5.0641135e+02
   1.5065500e+03   1.4687834e+04   5.0550964e+02
   1.5066800e+03   1.4699452e+04   5.0416675e+02
   1.5068100e+03   1.4711070e+04   5.0245778e+02
   1.5069500e+03   1.4723581e+04   4.9868747e+02
   1.5071000e+03   1.4736986e+04   4.9738876e+02
   1.5072300e+03   1.4748603e+04   4.9270953e+02
   1.5073600e+03   1.4760221e+04   4.9770857e+02
   1.5075000e+03   1.4772732e+04   5.0543797e+02
   1.5076500e+03   1.4786137e+04   5.0177478e+02
   1.5077800e+03   1.4797755e+04   4.9772845e+02
   1.5079100e+03   1.4809373e+04   4.9897086e+02
   1.5080500e+03   1.4821884e+04   5.0170518e+02
   1.5082000e+03   1.4835289e+04   5.0282283e+02
   1.5083050e+03   1.4844672e+04   5.0492263e+02
   1.5084600e+03   1.4858524e+04   4.9954201e+02
   1.5086000e+03   1.4871035e+04   4.9702146e+02
   1.5087500e+03   1.4880515e+04   4.9361315e+02
   1.5089000e+03   1.4889617e+04   4.9755177e+02
   1.5090300e+03   1.4897506e+04   4.9227653e+02
   1.5091600e+03   1.4905394e+04   4.8822583e+02
   1.5093000e+03   1.4913890e+04   4.9180761e+02
   1.5094300e+03   1.4921778e+04   4.9569820e+02
   1.5095600e+03   1.4929667e+04   5.0667684e+02
   1.5097000e+03   1.4938162e+04   4.9954283e+02
   1.5098500e+03   1.4947264e+04   4.9512516e+02
   1.5099800e+03   1.4955152e+04   4.8935431e+02
   1.5101100e+03   1.4963041e+04   4.9131977e+02
   1.5102500e+03   1.4971536e+04   4.8808319e+02
   1.5104000e+03   1.4980638e+04   4.9122387e+02
   1.5105300e+03   1.4988527e+04   4.9175585e+02
   1.5106600e+03   1.4996444e+04   4.9264544e+02
   1.5108000e+03   1.5007496e+04   4.8510792e+02
   1.5109400e+03   1.5018547e+04   5.0406074e+02
   1.5110700e+03   1.5028810e+04   4.9153429e+02
   1.5112000e+03   1.5039072e+04   4.9251527e+02
   1.5113450e+03   1.5050518e+04   4.8542516e+02
   1.5115000e+03   1.5062754e+04   4.8112373e+02
   1.5116250e+03   1.5072621e+04   4.7812598e+02
   1.5117600e+03   1.5083278e+04   4.8954157e+02
   1.5119000e+03   1.5094330e+04   4.9388410e+02
   1.5125400e+03   1.5144852e+04   4.9106902e+02
   1.5130950e+03   1.5193311e+04   4.9095946e+02
   1.5136450e+03   1.5243465e+04   4.9680476e+02
   1.5137050e+03   1.5248936e+04   4.9534188e+02
   1.5141950e+03   1.5293618e+04   4.9222845e+02
   1.5147450e+03   1.5342393e+04   4.9674106e+02
   1.5152950e+03   1.5388449e+04   4.9688601e+02
   1.5159050e+03   1.5439529e+04   4.9383727e+02
   1.5163950e+03   1.5480341e+04   4.8830265e+02
   1.5169450e+03   1.5523494e+04   4.7769022e+02
   1.5181050e+03   1.5614507e+04   4.7485724e+02
   1.5185950e+03   1.5667909e+04   4.7105618e+02
   1.5191450e+03   1.5729594e+04   4.7507172e+02
   1.5196950e+03   1.5791279e+04   4.6521150e+02
   1.5203050e+03   1.5837838e+04   4.7811917e+02
   1.5207950e+03   1.5862721e+04   4.6382437e+02
   1.5213450e+03   1.5890650e+04   4.6202152e+02
   1.5218950e+03   1.5922849e+04   4.7149412e+02
   1.5225050e+03   1.5971379e+04   4.8262322e+02
   1.5229950e+03   1.6010363e+04   4.7809452e+02
   1.5235450e+03   1.6055024e+04   4.8522304e+02
   1.5240950e+03   1.6132312e+04   4.5250548e+02
   1.5247050e+03   1.6218032e+04   4.6552481e+02
   1.5251950e+03   1.6271261e+04   4.6692746e+02
   1.5257450e+03   1.6323080e+04   4.6252926e+02
   1.5263050e+03   1.6377943e+04   4.5488852e+02
   1.5269050e+03   1.6471085e+04   4.4775427e+02
   1.5279450e+03   1.6614918e+04   4.5556022e+02
   1.5284950e+03   1.6653617e+04   4.5179743e+02
   1.5290450e+03   1.6692315e+04   4.4251461e+02
   1.5291050e+03   1.6696537e+04   4.4500338e+02
   1.5296050e+03   1.6754960e+04   4.3894592e+02
   1.5301450e+03   1.6824285e+04   4.3467293e+02
   1.5306950e+03   1.6893591e+04   4.3350756e+02
   1.5313050e+03   1.6938367e+04   4.4272661e+02
   1.5317950e+03   1.6974334e+04   4.3288062e+02
   1.5323450e+03   1.7023984e+04   4.3901464e+02
   1.5335050e+03   1.7161180e+04   4.2884290e+02
   1.5339950e+03   1.7209765e+04   4.1960759e+02
   1.5345450e+03   1.7256419e+04   4.2561498e+02
   1.5350950e+03   1.7303072e+04   4.2542603e+02
   1.5357050e+03   1.7352309e+04   4.2812365e+02
   1.5361950e+03   1.7383258e+04   4.2065083e+02
   1.5367450e+03   1.7417998e+04   4.1720509e+02
   1.5372950e+03   1.7452737e+04   4.1281823e+02
   1.5379050e+03   1.7490560e+04   4.0917255e+02
   1.5383850e+03   1.7519290e+04   4.0906200e+02
   1.5389450e+03   1.7552807e+04   4.0528583e+02
   1.5394950e+03   1.7585726e+04   4.0854184e+02
   1.5401050e+03   1.7622237e+04   4.0457367e+02
   1.5405950e+03   1.7647530e+04   4.0536922e+02
   1.5411450e+03   1.7675069e+04   3.8622299e+02
   1.5417400e+03   1.7704861e+04   3.9205996e+02
   1.5422450e+03   1.7730147e+04   3.9388664e+02
   1.5423050e+03   1.7733151e+04   3.9487729e+02
   1.5427950e+03   1.7771141e+04   4.0588437e+02
   1.5433450e+03   1.7821926e+04   3.9557383e+02
   1.5438950e+03   1.7872712e+04   4.0177850e+02
   1.5445050e+03   1.7929038e+04   4.0376038e+02
   1.5449950e+03   1.7970740e+04   4.0156047e+02
   1.5455450e+03   1.8015045e+04   3.9851730e+02
   1.5460950e+03   1.8059350e+04   4.0924618e+02
   1.5467050e+03   1.8108488e+04   3.9429037e+02
   1.5471950e+03   1.8143363e+04   3.9164190e+02
   1.5477450e+03   1.8178738e+04   4.0334039e+02
   1.5482950e+03   1.8214114e+04   3.9156399e+02
   1.5489050e+03   1.8253348e+04   3.8689262e+02
   1.5493950e+03   1.8285452e+04   3.9755978e+02
   1.5499450e+03   1.8322044e+04   3.9119631e+02
   1.5504950e+03   1.8358636e+04   3.9238061e+02
   1.5511050e+03   1.8399221e+04   3.9649815e+02
   1.5515950e+03   1.8437950e+04   3.9498420e+02
   1.5521450e+03   1.8488142e+04   3.9301903e+02
   1.5526950e+03   1.8538334e+04   3.9581499e+02
   1.5532450e+03   1.8588526e+04   4.0867474e+02
   1.5533050e+03   1.8594002e+04   3.9305329e+02
   1.5537950e+03   1.8633627e+04   3.9682756e+02
   1.5543450e+03   1.8671657e+04   3.9893611e+02
   1.5548950e+03   1.8709687e+04   3.9861647e+02
   1.5555050e+03   1.8751865e+04   3.9456326e+02
   1.5559950e+03   1.8781520e+04   3.9389014e+02
   1.5565450e+03   1.8808618e+04   4.0525062e+02
   1.5570950e+03   1.8835716e+04   3.9124634e+02
   1.5577050e+03   1.8865771e+04   3.9037257e+02
