   1.8228600e+03   1.4725395e+04   4.9319097e+02
   1.8235500e+03   1.4752848e+04   5.0421018e+02
   1.8240500e+03   1.4772742e+04   4.9860055e+02
   1.8254500e+03   1.4828446e+04   4.9209793e+02
   1.8257000e+03   1.4838393e+04   5.0084509e+02
   1.8261700e+03   1.4857093e+04   5.0380458e+02
   1.8271500e+03   1.4896085e+04   4.8234179e+02
   1.8281500e+03   1.4935873e+04   4.9298011e+02
   1.8294700e+03   1.4990785e+04   4.8488188e+02
   1.8295700e+03   1.4995044e+04   4.8332751e+02
   1.8310500e+03   1.5058067e+04   4.7903988e+02
   1.8321700e+03   1.5105760e+04   4.8527538e+02
   1.8331900e+03   1.5149196e+04   4.8177165e+02
   1.8340500e+03   1.5185698e+04   4.8993741e+02
   1.8352700e+03   1.5236009e+04   4.8004684e+02
   1.8360500e+03   1.5268174e+04   4.8999525e+02
   1.8361500e+03   1.5272298e+04   4.8575520e+02
   1.8370500e+03   1.5309412e+04   4.8269131e+02
   1.8381700e+03   1.5355598e+04   4.8171826e+02
   1.8390500e+03   1.5402776e+04   4.8455696e+02
   1.8400500e+03   1.5459178e+04   4.8613007e+02
   1.8401500e+03   1.5464818e+04   4.7934966e+02
   1.8419500e+03   1.5566340e+04   4.6795188e+02
   1.8429750e+03   1.5621398e+04   4.6535024e+02
   1.8434500e+03   1.5643395e+04   4.6090159e+02
   1.8439500e+03   1.5666551e+04   4.5957206e+02
   1.8443400e+03   1.5684612e+04   4.5967684e+02
   1.8444400e+03   1.5689243e+04   4.6417814e+02
   1.8447500e+03   1.5703599e+04   4.6269905e+02
   1.8454500e+03   1.5736017e+04   4.6431925e+02
   1.8459500e+03   1.5759172e+04   4.6408561e+02
   1.8464500e+03   1.5782327e+04   4.6552033e+02
   1.8469500e+03   1.5805483e+04   4.6618105e+02
   1.8474500e+03   1.5837852e+04   4.6294667e+02
   1.8479500e+03   1.5870818e+04   4.6149758e+02
   1.8484500e+03   1.5903785e+04   4.5832613e+02
   1.8489550e+03   1.5937081e+04   4.7212007e+02
   1.8492500e+03   1.5956532e+04   4.6180280e+02
   1.8494500e+03   1.5969719e+04   4.5741588e+02
   1.8497500e+03   1.5989499e+04   4.6788462e+02
   1.8499500e+03   1.6002685e+04   4.5790181e+02
   1.8504200e+03   1.6033674e+04   4.7130946e+02
   1.8506500e+03   1.6048839e+04   4.7386573e+02
   1.8509500e+03   1.6068619e+04   4.6938708e+02
   1.8511600e+03   1.6082465e+04   4.7678025e+02
   1.8516450e+03   1.6102940e+04   4.8168250e+02
   1.8523250e+03   1.6130014e+04   4.7707297e+02
   1.8529250e+03   1.6153902e+04   4.7083856e+02
   1.8531500e+03   1.6162860e+04   4.6966642e+02
   1.8533500e+03   1.6170823e+04   4.6177419e+02
   1.8534500e+03   1.6174804e+04   4.5614580e+02
   1.8536500e+03   1.6182767e+04   4.5753906e+02
   1.8539500e+03   1.6194711e+04   4.4788476e+02
   1.8540500e+03   1.6198692e+04   4.5458022e+02
   1.8543500e+03   1.6210637e+04   4.4744333e+02
   1.8546250e+03   1.6221585e+04   4.5904085e+02
   1.8549500e+03   1.6237502e+04   4.5613463e+02
   1.8554500e+03   1.6262158e+04   4.5913916e+02
   1.8559500e+03   1.6286815e+04   4.5987012e+02
   1.8564500e+03   1.6311471e+04   4.5182242e+02
   1.8569500e+03   1.6336128e+04   4.5225668e+02
   1.8573500e+03   1.6355853e+04   4.5392482e+02
   1.8577500e+03   1.6375578e+04   4.3997461e+02
   1.8585125e+03   1.6413180e+04   4.3898938e+02
   1.8589250e+03   1.6433521e+04   4.4002915e+02
   1.8594500e+03   1.6460974e+04   4.4003219e+02
   1.8599450e+03   1.6487655e+04   4.4465200e+02
   1.8604500e+03   1.6514875e+04   4.4012288e+02
   1.8609500e+03   1.6541825e+04   4.4338297e+02
   1.8609550e+03   1.6542094e+04   4.3972222e+02
   1.8614500e+03   1.6568775e+04   4.4058623e+02
   1.8618500e+03   1.6590335e+04   4.4126657e+02
   1.8624500e+03   1.6622675e+04   4.3828035e+02
   1.8629500e+03   1.6649625e+04   4.4119026e+02
   1.8633500e+03   1.6670667e+04   4.3033942e+02
   1.8636500e+03   1.6686391e+04   4.2840327e+02
   1.8644500e+03   1.6728322e+04   4.2586431e+02
   1.8645400e+03   1.6733039e+04   4.3299513e+02
   1.8649500e+03   1.6754528e+04   4.3019827e+02
   1.8654500e+03   1.6780735e+04   4.3037032e+02
   1.8659500e+03   1.6806942e+04   4.3370659e+02
   1.8664500e+03   1.6833148e+04   4.3128048e+02
   1.8669500e+03   1.6859355e+04   4.3399158e+02
   1.8674300e+03   1.6885284e+04   4.2762695e+02
   1.8679500e+03   1.6914969e+04   4.3055961e+02
   1.8683700e+03   1.6938946e+04   4.2662886e+02
   1.8689500e+03   1.6972056e+04   4.2364378e+02
   1.8693500e+03   1.6994890e+04   4.2547332e+02
   1.8697500e+03   1.7017725e+04   4.2528559e+02
   1.8704500e+03   1.7057686e+04   4.1957077e+02
   1.8709500e+03   1.7086229e+04   4.1463433e+02
   1.8711700e+03   1.7098788e+04   4.1692004e+02
   1.8719250e+03   1.7142028e+04   4.0865656e+02
   1.8724500e+03   1.7172491e+04   4.1552033e+02
   1.8729500e+03   1.7201503e+04   4.0822003e+02
   1.8734750e+03   1.7231966e+04   4.1332970e+02
   1.8738875e+03   1.7255901e+04   4.1475150e+02
   1.8745125e+03   1.7292166e+04   4.1314354e+02
   1.8749250e+03   1.7316102e+04   4.1131607e+02
   1.8754375e+03   1.7345716e+04   4.0919553e+02
   1.8758875e+03   1.7366685e+04   4.1157315e+02
   1.8764500e+03   1.7392897e+04   4.0669164e+02
   1.8769500e+03   1.7416196e+04   4.0256839e+02
   1.8774500e+03   1.7439495e+04   4.0508726e+02
   1.8776500e+03   1.7448815e+04   4.0367815e+02
   1.8779500e+03   1.7462795e+04   4.0241684e+02
   1.8784500e+03   1.7486094e+04   3.9866019e+02
   1.8786500e+03   1.7495414e+04   4.0674336e+02
   1.8789500e+03   1.7509393e+04   4.0287551e+02
   1.8791500e+03   1.7518713e+04   3.9942098e+02
   1.8793500e+03   1.7528033e+04   4.0015536e+02
   1.8796400e+03   1.7541546e+04   3.9819095e+02
   1.8801750e+03   1.7565674e+04   3.9841711e+02
   1.8804500e+03   1.7577991e+04   3.9345714e+02
   1.8806500e+03   1.7586949e+04   3.9839387e+02
   1.8809500e+03   1.7600386e+04   3.9932871e+02
   1.8811600e+03   1.7609792e+04   3.9448835e+02
   1.8814500e+03   1.7622781e+04   3.9429801e+02
   1.8816650e+03   1.7632410e+04   3.9300669e+02
   1.8819500e+03   1.7645175e+04   4.0458742e+02
   1.8829625e+03   1.7690524e+04   3.9034927e+02
   1.8833800e+03   1.7709224e+04   3.8595817e+02
   1.8839250e+03   1.7733634e+04   3.8645065e+02
   1.8848875e+03   1.7776431e+04   3.8817165e+02
   1.8849250e+03   1.7777769e+04   3.9495511e+02
   1.8853875e+03   1.7794275e+04   3.9337623e+02
   1.8858875e+03   1.7812118e+04   3.8485719e+02
   1.8862950e+03   1.7826661e+04   3.8627745e+02
   1.8869500e+03   1.7850036e+04   3.9051285e+02
   1.8873500e+03   1.7864312e+04   3.8953743e+02
   1.8878500e+03   1.7882155e+04   3.8887382e+02
   1.8888875e+03   1.7919181e+04   3.9315117e+02
   1.8898875e+03   1.7954869e+04   3.8734451e+02
   1.8906500e+03   1.7989259e+04   3.9525177e+02
   1.8919500e+03   1.8052822e+04   3.9007107e+02
   1.8929625e+03   1.8102327e+04   3.8834112e+02
   1.8939500e+03   1.8150610e+04   3.8501579e+02
   1.8949500e+03   1.8199505e+04   3.8060155e+02
   1.8959500e+03   1.8240077e+04   3.8167025e+02
   1.8969500e+03   1.8272437e+04   3.8563530e+02
   1.8979500e+03   1.8304798e+04   3.8247680e+02
   1.8989500e+03   1.8337158e+04   3.8784789e+02
   1.8997725e+03   1.8363775e+04   3.8345710e+02
   1.9009500e+03   1.8401879e+04   3.8438873e+02
   1.9018500e+03   1.8431196e+04   3.8654774e+02
   1.9030500e+03   1.8473530e+04   3.8563893e+02
   1.9043400e+03   1.8519039e+04   3.8448359e+02
   1.9063400e+03   1.8589596e+04   3.8960946e+02
   1.9074700e+03   1.8629461e+04   3.8784066e+02
   1.9081500e+03   1.8653490e+04   3.8680543e+02
   1.9090500e+03   1.8686488e+04   3.8283661e+02
   1.9110500e+03   1.8759817e+04   3.8576619e+02
   1.9132700e+03   1.8841740e+04   3.9269419e+02
   1.9154500e+03   1.8951795e+04   3.8443505e+02
   1.9172000e+03   1.9040141e+04   3.8421439e+02
   1.9191500e+03   1.9144338e+04   3.8286776e+02
   1.9212250e+03   1.9256126e+04   3.8855944e+02
   1.9232000e+03   1.9363515e+04   3.9328678e+02
   1.9252000e+03   1.9472625e+04   3.8551644e+02
   1.9254000e+03   1.9483536e+04   3.8757686e+02
   1.9273500e+03   1.9579563e+04   3.8189294e+02
   1.9289500e+03   1.9654148e+04   3.8071182e+02
   1.9327300e+03   1.9843312e+04   3.7830609e+02
   1.9340500e+03   1.9912007e+04   3.8241846e+02
   1.9363400e+03   2.0017160e+04   3.8393954e+02
   1.9387500e+03   2.0122721e+04   3.7400901e+02
   1.9408500e+03   2.0246928e+04   3.8732900e+02
   1.9428500e+03   2.0367949e+04   3.8574027e+02
   1.9454150e+03   2.0471956e+04   3.8399418e+02
   1.9466500e+03   2.0521374e+04   3.7433512e+02
   1.9494500e+03   2.0664401e+04   3.7765958e+02
   1.9516000e+03   2.0777404e+04   3.8432321e+02
   1.9530500e+03   2.0843365e+04   3.8580769e+02
   1.9543500e+03   2.0899703e+04   3.7983588e+02
   1.9629500e+03   2.1305978e+04   3.8056753e+02
   1.9647500e+03   2.1356243e+04   3.7954107e+02
   1.9666500e+03   2.1409300e+04   3.8080266e+02
   1.9687500e+03   2.1514223e+04   3.7331645e+02
   1.9708500e+03   2.1623094e+04   3.7152481e+02
   1.9727500e+03   2.1723286e+04   3.6907935e+02
   1.9749500e+03   2.1841149e+04   3.6643515e+02
   1.9768500e+03   2.1940860e+04   3.6804265e+02
   1.9792500e+03   2.2026894e+04   3.7366626e+02
   1.9793500e+03   2.2030479e+04   3.7348545e+02
   1.9812950e+03   2.2100203e+04   3.7376737e+02
   1.9830500e+03   2.2174052e+04   3.8034122e+02
   1.9854800e+03   2.2280723e+04   3.8111550e+02
   1.9869500e+03   2.2343902e+04   3.8557117e+02
   1.9889500e+03   2.2422688e+04   3.8342785e+02
   1.9900500e+03   2.2466020e+04   3.7706488e+02
   1.9910550e+03   2.2509883e+04   3.9657178e+02
   1.9925500e+03   2.2601032e+04   3.8346412e+02
   1.9939500e+03   2.2686388e+04   3.9097177e+02
   1.9949500e+03   2.2744762e+04   3.9586928e+02
   1.9957500e+03   2.2786614e+04   3.9597445e+02
   1.9969500e+03   2.2849391e+04   3.8970447e+02
   1.9979000e+03   2.2899090e+04   3.9179083e+02
   1.9979500e+03   2.2901706e+04   3.9201995e+02
   1.9989500e+03   2.2954020e+04   3.9747024e+02
   1.9999250e+03   2.3005543e+04   4.0149085e+02
   2.0008500e+03   2.3054577e+04   3.9308795e+02
   2.0013750e+03   2.3082406e+04   3.9460198e+02
   2.0018250e+03   2.3106260e+04   4.0158015e+02
   2.0024500e+03   2.3139391e+04   4.0330375e+02
   2.0027500e+03   2.3155293e+04   4.1384941e+02
   2.0035125e+03   2.3195882e+04   4.0783561e+02
   2.0039625e+03   2.3219978e+04   4.1221648e+02
   2.0044375e+03   2.3245413e+04   4.0799915e+02
   2.0049000e+03   2.3270178e+04   4.0393447e+02
   2.0054500e+03   2.3299629e+04   3.9865296e+02
   2.0059500e+03   2.3326403e+04   3.9540026e+02
   2.0064375e+03   2.3352507e+04   3.9619222e+02
   2.0069625e+03   2.3382970e+04   3.9267362e+02
   2.0077500e+03   2.3450813e+04   3.9447263e+02
   2.0085125e+03   2.3516501e+04   3.9529187e+02
   2.0089625e+03   2.3555268e+04   3.9868660e+02
   2.0094500e+03   2.3597266e+04   4.0110878e+02
   2.0099500e+03   2.3638793e+04   3.9739276e+02
   2.0104625e+03   2.3672996e+04   3.9107592e+02
   2.0108875e+03   2.3701359e+04   3.9836879e+02
   2.0113500e+03   2.3732225e+04   3.9627666e+02
   2.0119500e+03   2.3772266e+04   4.0034024e+02
   2.0124500e+03   2.3805635e+04   4.0365552e+02
   2.0129500e+03   2.3840483e+04   3.9914054e+02
   2.0134500e+03   2.3879077e+04   4.0260543e+02
   2.0139500e+03   2.3917671e+04   3.9396330e+02
   2.0144500e+03   2.3956265e+04   3.8820456e+02
   2.0149500e+03   2.3994859e+04   3.7894276e+02
   2.0154500e+03   2.4033453e+04   3.6345672e+02
   2.0159500e+03   2.4072048e+04   3.7251774e+02
   2.0162875e+03   2.4097892e+04   3.6160519e+02
   2.0169625e+03   2.4123792e+04   3.6230985e+02
   2.0175125e+03   2.4144896e+04   3.5748653e+02
   2.0178875e+03   2.4159284e+04   3.6410838e+02
   2.0185500e+03   2.4184704e+04   3.7009474e+02
   2.0189500e+03   2.4200052e+04   3.5941873e+02
   2.0194625e+03   2.4219717e+04   3.6404582e+02
   2.0199625e+03   2.4260441e+04   3.6843019e+02
   2.0204500e+03   2.4306735e+04   3.7342008e+02
   2.0209500e+03   2.4354217e+04   3.6860592e+02
   2.0219625e+03   2.4450367e+04   3.7257556e+02
   2.0224500e+03   2.4493983e+04   3.7053710e+02
   2.0229625e+03   2.4534386e+04   3.7184874e+02
   2.0234500e+03   2.4572818e+04   3.6672958e+02
   2.0239500e+03   2.4612236e+04   3.6371725e+02
   2.0244500e+03   2.4651653e+04   3.6446549e+02
   2.0248225e+03   2.4681019e+04   3.6715393e+02
   2.0248230e+03   2.4681059e+04   3.6814938e+02
   2.0254500e+03   2.4725740e+04   3.7043118e+02
   2.0259500e+03   2.4745976e+04   3.7461674e+02
   2.0265125e+03   2.4768741e+04   3.7752964e+02
   2.0269625e+03   2.4786953e+04   3.8230144e+02
   2.0274500e+03   2.4806683e+04   3.7387211e+02
   2.0278500e+03   2.4822871e+04   3.7557271e+02
   2.0284500e+03   2.4847154e+04   3.7868947e+02
   2.0289500e+03   2.4867390e+04   3.8319312e+02
   2.0294500e+03   2.4887626e+04   3.8362234e+02
   2.0299500e+03   2.4910405e+04   3.7827351e+02
   2.0305500e+03   2.4941694e+04   3.8348661e+02
   2.0309500e+03   2.4962553e+04   3.8293016e+02
   2.0314500e+03   2.4988627e+04   3.8062973e+02
   2.0319500e+03   2.5014701e+04   3.8096273e+02
   2.0324500e+03   2.5040775e+04   3.7048964e+02
   2.0329500e+03   2.5066848e+04   3.6606093e+02
   2.0334500e+03   2.5092922e+04   3.6457176e+02
   2.0338500e+03   2.5113781e+04   3.6741308e+02
   2.0344500e+03   2.5171098e+04   3.7871658e+02
   2.0349500e+03   2.5221673e+04   3.7399471e+02
   2.0354500e+03   2.5272248e+04   3.7333856e+02
   2.0359500e+03   2.5322823e+04   3.7794934e+02
   2.0364500e+03   2.5373398e+04   3.7348001e+02
   2.0368450e+03   2.5404617e+04   3.7337512e+02
   2.0374500e+03   2.5449045e+04   3.8065568e+02
   2.0379500e+03   2.5485763e+04   3.7629557e+02
   2.0384500e+03   2.5522480e+04   3.6930400e+02
   2.0389500e+03   2.5559198e+04   3.6870472e+02
   2.0394000e+03   2.5589860e+04   3.5906697e+02
   2.0398500e+03   2.5618767e+04   3.6518543e+02
   2.0404500e+03   2.5657311e+04   3.6912042e+02
   2.0409500e+03   2.5689430e+04   3.6462633e+02
   2.0412475e+03   2.5708541e+04   3.6001137e+02
   2.0417875e+03   2.5743230e+04   3.6141507e+02
   2.0424375e+03   2.5790901e+04   3.6651871e+02
   2.0428775e+03   2.5824775e+04   3.7119887e+02
   2.0434500e+03   2.5868850e+04   3.7511273e+02
   2.0439675e+03   2.5908690e+04   3.7173802e+02
   2.0447875e+03   2.5971818e+04   3.6781889e+02
   2.0454375e+03   2.6026662e+04   3.6852404e+02
   2.0458875e+03   2.6064862e+04   3.7292337e+02
   2.0464500e+03   2.6112613e+04   3.6980055e+02
   2.0469500e+03   2.6155058e+04   3.7742848e+02
   2.0474375e+03   2.6196442e+04   3.7205610e+02
   2.0478875e+03   2.6233584e+04   3.7060319e+02
   2.0488500e+03   2.6310224e+04   3.7470089e+02
   2.0494500e+03   2.6357999e+04   3.6813788e+02
   2.0499500e+03   2.6397812e+04   3.6643663e+02
   2.0524500e+03   2.6582943e+04   3.7734183e+02
   2.0529500e+03   2.6619103e+04   3.7782831e+02
   2.0534350e+03   2.6654329e+04   3.7699853e+02
   2.0544500e+03   2.6732020e+04   3.8331565e+02
   2.0549000e+03   2.6766464e+04   3.8632369e+02
   2.0554350e+03   2.6807414e+04   3.9074511e+02
   2.0563500e+03   2.6877164e+04   3.9178852e+02
   2.0567500e+03   2.6906561e+04   3.8334123e+02
   2.0584500e+03   2.7031498e+04   3.9412020e+02
   2.0589500e+03   2.7068244e+04   3.9703915e+02
   2.0594350e+03   2.7103465e+04   3.9192493e+02
   2.0599650e+03   2.7141721e+04   3.9052401e+02
   2.0609700e+03   2.7214264e+04   3.9518466e+02
   2.0614500e+03   2.7248911e+04   3.8899463e+02
   2.0619500e+03   2.7285002e+04   3.9633326e+02
   2.0624500e+03   2.7315024e+04   3.9490308e+02
   2.0629500e+03   2.7344807e+04   4.0024035e+02
   2.0634500e+03   2.7374590e+04   3.9811416e+02
   2.0638500e+03   2.7398416e+04   4.0080985e+02
   2.0644000e+03   2.7431177e+04   4.0250007e+02
