   1.4255500e+03   1.1270323e+04   6.9721217e+02
   1.4257000e+03   1.1274664e+04   6.8997782e+02
   1.4258300e+03   1.1278426e+04   7.0318344e+02
   1.4259600e+03   1.1282189e+04   7.0031700e+02
   1.4261000e+03   1.1286240e+04   7.0491909e+02
   1.4262500e+03   1.1290582e+04   6.9654109e+02
   1.4263800e+03   1.1294344e+04   7.1222366e+02
   1.4265100e+03   1.1298106e+04   7.1597821e+02
   1.4266500e+03   1.1302158e+04   7.0975861e+02
   1.4268000e+03   1.1306499e+04   7.1795333e+02
   1.4269300e+03   1.1310262e+04   7.1876019e+02
   1.4270600e+03   1.1314024e+04   7.2190386e+02
   1.4272000e+03   1.1318076e+04   7.1527280e+02
   1.4273500e+03   1.1322417e+04   7.2224478e+02
   1.4274800e+03   1.1326179e+04   7.2230738e+02
   1.4276150e+03   1.1330086e+04   7.2601852e+02
   1.4277600e+03   1.1334283e+04   7.2399242e+02
   1.4279000e+03   1.1338335e+04   7.3193904e+02
   1.4280300e+03   1.1342097e+04   7.2425366e+02
   1.4281600e+03   1.1345859e+04   7.3497792e+02
   1.4283000e+03   1.1349911e+04   7.3620275e+02
   1.4284500e+03   1.1354252e+04   7.4005000e+02
   1.4285800e+03   1.1358015e+04   7.5011866e+02
   1.4287100e+03   1.1361777e+04   7.4503030e+02
   1.4288500e+03   1.1365829e+04   7.4341552e+02
   1.4290000e+03   1.1370170e+04   7.4520326e+02
   1.4291300e+03   1.1373933e+04   7.4626581e+02
   1.4292600e+03   1.1377695e+04   7.4303704e+02
   1.4294000e+03   1.1381747e+04   7.4088482e+02
   1.4295500e+03   1.1386088e+04   7.4032378e+02
   1.4296800e+03   1.1389850e+04   7.4207321e+02
   1.4298100e+03   1.1393613e+04   7.4411177e+02
   1.4299500e+03   1.1397664e+04   7.4520577e+02
   1.4300900e+03   1.1401716e+04   7.5443184e+02
   1.4302200e+03   1.1405479e+04   7.4778703e+02
   1.4303500e+03   1.1409241e+04   7.5187860e+02
   1.4304800e+03   1.1413003e+04   7.5099908e+02
   1.4306500e+03   1.1417923e+04   7.6593011e+02
   1.4307800e+03   1.1421686e+04   7.5469193e+02
   1.4309100e+03   1.1425448e+04   7.5899706e+02
   1.4310500e+03   1.1429500e+04   7.6467045e+02
   1.4312000e+03   1.1433841e+04   7.6707492e+02
   1.4313300e+03   1.1437604e+04   7.6978142e+02
   1.4314600e+03   1.1441472e+04   7.7278847e+02
   1.4316000e+03   1.1445717e+04   7.7031188e+02
   1.4317500e+03   1.1450265e+04   7.7608627e+02
   1.4318800e+03   1.1454207e+04   7.7723222e+02
   1.4320100e+03   1.1458148e+04   7.8419002e+02
   1.4321500e+03   1.1462393e+04   7.7289834e+02
   1.4323000e+03   1.1466941e+04   7.7099802e+02
   1.4324300e+03   1.1470883e+04   7.7224675e+02
   1.4325600e+03   1.1474824e+04   7.7378225e+02
   1.4327000e+03   1.1479069e+04   7.6277513e+02
   1.4334050e+03   1.1500445e+04   7.5957508e+02
   1.4337450e+03   1.1510754e+04   7.3708862e+02
   1.4338150e+03   1.1512876e+04   7.3198381e+02
   1.4348300e+03   1.1543652e+04   6.5156005e+02
   1.4356050e+03   1.1567150e+04   6.1624694e+02
   1.4359300e+03   1.1581428e+04   5.6131162e+02
   1.4360100e+03   1.1585933e+04   5.6238606e+02
   1.4366400e+03   1.1621406e+04   5.1010944e+02
   1.4367200e+03   1.1625910e+04   5.0993974e+02
   1.4372000e+03   1.1652937e+04   5.0507093e+02
   1.4372500e+03   1.1655752e+04   5.1325479e+02
   1.4373800e+03   1.1663072e+04   5.0644707e+02
   1.4375100e+03   1.1670392e+04   5.0492999e+02
   1.4376500e+03   1.1678275e+04   5.0472366e+02
   1.4377350e+03   1.1683061e+04   4.9795782e+02
   1.4378050e+03   1.1687002e+04   5.0545199e+02
   1.4378750e+03   1.1690944e+04   5.0284914e+02
   1.4383000e+03   1.1714874e+04   5.1604989e+02
   1.4388500e+03   1.1744263e+04   4.9861207e+02
   1.4394000e+03   1.1769713e+04   5.2052040e+02
   1.4400050e+03   1.1797708e+04   5.1064108e+02
   1.4410450e+03   1.1845831e+04   5.1914299e+02
   1.4415900e+03   1.1871049e+04   5.1152095e+02
   1.4422050e+03   1.1906295e+04   5.0584536e+02
   1.4432400e+03   1.1966311e+04   5.1421617e+02
   1.4437900e+03   1.1998204e+04   5.1103010e+02
   1.4444050e+03   1.2033866e+04   4.9666437e+02
   1.4454400e+03   1.2091968e+04   5.0293773e+02
   1.4459900e+03   1.2121982e+04   5.0499423e+02
   1.4466050e+03   1.2155544e+04   5.0879011e+02
   1.4476400e+03   1.2212025e+04   5.0159249e+02
   1.4481900e+03   1.2241713e+04   5.0121392e+02
   1.4488050e+03   1.2274881e+04   4.9964686e+02
   1.4498400e+03   1.2330700e+04   4.9398068e+02
   1.4503900e+03   1.2360362e+04   5.1000024e+02
   1.4510050e+03   1.2390156e+04   5.0417252e+02
   1.4514900e+03   1.2413055e+04   5.0054949e+02
   1.4521000e+03   1.2441855e+04   4.9811277e+02
   1.4522300e+03   1.2447993e+04   4.9923231e+02
   1.4523600e+03   1.2454131e+04   4.9539368e+02
   1.4525000e+03   1.2460741e+04   4.9912310e+02
   1.4526500e+03   1.2467823e+04   4.9925942e+02
   1.4527800e+03   1.2473961e+04   4.9684223e+02
   1.4529100e+03   1.2480099e+04   4.9654764e+02
   1.4530500e+03   1.2486708e+04   4.9624020e+02
   1.4532000e+03   1.2493790e+04   4.9827270e+02
   1.4533300e+03   1.2499928e+04   5.1152842e+02
   1.4534600e+03   1.2506066e+04   5.0119326e+02
   1.4536000e+03   1.2514234e+04   4.9593170e+02
   1.4537500e+03   1.2523695e+04   4.8823353e+02
   1.4538800e+03   1.2531894e+04   5.0017834e+02
   1.4540100e+03   1.2540093e+04   4.9734754e+02
   1.4541500e+03   1.2548922e+04   4.9416762e+02
   1.4543000e+03   1.2558383e+04   4.9278393e+02
   1.4544300e+03   1.2566582e+04   4.8786366e+02
   1.4545600e+03   1.2574781e+04   5.0078789e+02
   1.4547000e+03   1.2583611e+04   5.0637093e+02
   1.4548500e+03   1.2593071e+04   4.9546148e+02
   1.4549800e+03   1.2601270e+04   4.9981617e+02
   1.4551100e+03   1.2609469e+04   5.0511480e+02
   1.4552500e+03   1.2618299e+04   5.0779660e+02
   1.4554000e+03   1.2627760e+04   5.1060644e+02
   1.4555300e+03   1.2635959e+04   5.1680970e+02
   1.4556600e+03   1.2644158e+04   5.1867912e+02
   1.4558000e+03   1.2652988e+04   5.1385412e+02
   1.4559500e+03   1.2662448e+04   5.2191007e+02
   1.4560800e+03   1.2670647e+04   5.3279715e+02
   1.4562100e+03   1.2678846e+04   5.2879832e+02
   1.4563500e+03   1.2687676e+04   5.3226111e+02
   1.4564850e+03   1.2696190e+04   5.3676428e+02
   1.4566200e+03   1.2704325e+04   5.4453057e+02
   1.4567500e+03   1.2708989e+04   5.3554537e+02
   1.4568950e+03   1.2714191e+04   5.3880253e+02
   1.4570500e+03   1.2719752e+04   5.4373110e+02
   1.4571800e+03   1.2724416e+04   5.3830047e+02
   1.4573100e+03   1.2729080e+04   5.5009704e+02
   1.4574500e+03   1.2734102e+04   5.5844671e+02
   1.4576000e+03   1.2739484e+04   5.5335673e+02
   1.4577300e+03   1.2744148e+04   5.5480199e+02
   1.4580000e+03   1.2753834e+04   5.5730317e+02
   1.4581500e+03   1.2759216e+04   5.7480811e+02
   1.4582800e+03   1.2763880e+04   5.8024537e+02
   1.4584100e+03   1.2768544e+04   5.9996099e+02
   1.4585500e+03   1.2773566e+04   5.9701511e+02
   1.4587000e+03   1.2778948e+04   6.1941650e+02
   1.4588300e+03   1.2783612e+04   6.1629864e+02
   1.4589600e+03   1.2788276e+04   6.2667231e+02
   1.4591000e+03   1.2793298e+04   6.3434806e+02
   1.4592500e+03   1.2798680e+04   6.3293935e+02
   1.4593800e+03   1.2803344e+04   6.3489232e+02
   1.4595100e+03   1.2808008e+04   6.3258178e+02
   1.4596500e+03   1.2813030e+04   6.4341449e+02
   1.4597900e+03   1.2818053e+04   6.4917671e+02
   1.4599200e+03   1.2822717e+04   6.4900282e+02
   1.4600500e+03   1.2827639e+04   6.5014194e+02
   1.4602000e+03   1.2836082e+04   6.5303267e+02
   1.4603500e+03   1.2844526e+04   6.6543159e+02
   1.4604800e+03   1.2851843e+04   6.6718273e+02
   1.4606100e+03   1.2859161e+04   6.6724083e+02
   1.4607500e+03   1.2867042e+04   6.6956765e+02
   1.4609000e+03   1.2875485e+04   6.9494489e+02
   1.4610400e+03   1.2883366e+04   6.9663397e+02
   1.4611700e+03   1.2890683e+04   6.9157324e+02
   1.4613050e+03   1.2898282e+04   6.9372948e+02
   1.4614500e+03   1.2906444e+04   6.9628891e+02
   1.4615800e+03   1.2913762e+04   7.0038021e+02
   1.4617100e+03   1.2921080e+04   7.0260742e+02
   1.4618500e+03   1.2928960e+04   7.0125896e+02
   1.4620000e+03   1.2937403e+04   7.0275059e+02
   1.4621300e+03   1.2944721e+04   7.0463346e+02
   1.4622600e+03   1.2952039e+04   7.0332375e+02
   1.4624000e+03   1.2959919e+04   7.0248796e+02
   1.4636500e+03   1.3020826e+04   6.7646763e+02
   1.4636550e+03   1.3021015e+04   6.8270764e+02
   1.4637800e+03   1.3025746e+04   6.7508645e+02
   1.4639100e+03   1.3030667e+04   6.7481524e+02
   1.4641400e+03   1.3039373e+04   6.8044158e+02
   1.4647550e+03   1.3062652e+04   6.6040133e+02
   1.4657900e+03   1.3101828e+04   6.4375594e+02
   1.4664050e+03   1.3125107e+04   6.3278879e+02
   1.4668900e+03   1.3143436e+04   6.5149415e+02
   1.4675050e+03   1.3166494e+04   6.5280674e+02
   1.4685500e+03   1.3205674e+04   6.9786102e+02
   1.4691550e+03   1.3228357e+04   7.0096490e+02
   1.4702550e+03   1.3269598e+04   6.9882902e+02
   1.4712950e+03   1.3306177e+04   7.1191872e+02
   1.4719050e+03   1.3325740e+04   7.0971734e+02
   1.4723900e+03   1.3341295e+04   7.0447944e+02
   1.4730050e+03   1.3361019e+04   7.0562173e+02
   1.4740450e+03   1.3394373e+04   7.0948797e+02
   1.4745900e+03   1.3411852e+04   7.0363592e+02
   1.4746550e+03   1.3413937e+04   7.0186651e+02
   1.4751400e+03   1.3429492e+04   7.0107334e+02
   1.4757550e+03   1.3450868e+04   6.9934974e+02
   1.4767900e+03   1.3492902e+04   7.0557929e+02
   1.4773400e+03   1.3515240e+04   6.9751627e+02
   1.4778900e+03   1.3537577e+04   6.8047046e+02
   1.4784400e+03   1.3559914e+04   6.6678490e+02
   1.4789900e+03   1.3582252e+04   6.6360626e+02
   1.4795400e+03   1.3604589e+04   6.8262631e+02
   1.4801550e+03   1.3629040e+04   6.7941452e+02
   1.4806400e+03   1.3648249e+04   6.7906242e+02
   1.4812550e+03   1.3672607e+04   6.8649038e+02
   1.4822900e+03   1.3713599e+04   6.9888689e+02
   1.4829050e+03   1.3737957e+04   6.9902008e+02
   1.4833900e+03   1.3758431e+04   6.8751144e+02
   1.4839325e+03   1.3784577e+04   6.8026644e+02
   1.4840050e+03   1.3788071e+04   6.7520070e+02
   1.4850400e+03   1.3837955e+04   6.8156903e+02
   1.4856550e+03   1.3867595e+04   6.7428578e+02
   1.4861400e+03   1.3890970e+04   6.7100081e+02
   1.4867550e+03   1.3921829e+04   6.3093168e+02
   1.4877900e+03   1.3974524e+04   6.1089371e+02
   1.4884050e+03   1.4005835e+04   6.1530204e+02
   1.4888900e+03   1.4030528e+04   6.5364314e+02
   1.4895050e+03   1.4059023e+04   6.6306604e+02
   1.4905250e+03   1.4094953e+04   6.6022150e+02
   1.4911550e+03   1.4117146e+04   6.4621019e+02
   1.4916400e+03   1.4134230e+04   6.5254658e+02
   1.4922550e+03   1.4155894e+04   6.5636103e+02
   1.4932900e+03   1.4192353e+04   6.4889020e+02
   1.4939050e+03   1.4213213e+04   6.3496791e+02
   1.4943900e+03   1.4228256e+04   6.4387111e+02
   1.4950050e+03   1.4247331e+04   6.3975911e+02
   1.4960400e+03   1.4279433e+04   6.5080825e+02
   1.4966550e+03   1.4298509e+04   6.3438695e+02
   1.4971400e+03   1.4313552e+04   6.4668873e+02
   1.4977550e+03   1.4332627e+04   6.4236960e+02
   1.4988500e+03   1.4366590e+04   6.5849443e+02
   1.4989800e+03   1.4370650e+04   6.5726550e+02
   1.4991100e+03   1.4374774e+04   6.3913461e+02
   1.4992500e+03   1.4379215e+04   6.5047557e+02
   1.4994000e+03   1.4383973e+04   6.5090708e+02
   1.4995300e+03   1.4388097e+04   6.4514125e+02
   1.4998000e+03   1.4396661e+04   6.5784203e+02
   1.4999500e+03   1.4401419e+04   6.4614156e+02
   1.5000800e+03   1.4405543e+04   6.5357735e+02
   1.5002100e+03   1.4409666e+04   6.5972343e+02
   1.5003500e+03   1.4414107e+04   6.5739565e+02
   1.5005000e+03   1.4418865e+04   6.5478675e+02
   1.5006300e+03   1.4422989e+04   6.3971388e+02
   1.5007600e+03   1.4427113e+04   6.5873513e+02
   1.5009000e+03   1.4431553e+04   6.5829771e+02
   1.5010500e+03   1.4436312e+04   6.6561264e+02
   1.5011800e+03   1.4440435e+04   6.4949264e+02
   1.5013100e+03   1.4444559e+04   6.5361687e+02
   1.5014500e+03   1.4449000e+04   6.5072990e+02
   1.5015900e+03   1.4453441e+04   6.4978813e+02
   1.5017200e+03   1.4457564e+04   6.4890543e+02
   1.5018500e+03   1.4461688e+04   6.4520763e+02
   1.5020000e+03   1.4466446e+04   6.4450494e+02
   1.5021500e+03   1.4471204e+04   6.4117100e+02
   1.5022800e+03   1.4475328e+04   6.3555462e+02
   1.5024100e+03   1.4479451e+04   6.3692052e+02
   1.5025500e+03   1.4483892e+04   6.3850060e+02
   1.5027000e+03   1.4488650e+04   6.3043132e+02
   1.5028300e+03   1.4492774e+04   6.3216049e+02
   1.5029600e+03   1.4496898e+04   6.2241415e+02
   1.5030850e+03   1.4500863e+04   6.2357141e+02
   1.5032500e+03   1.4506096e+04   6.2558521e+02
   1.5033800e+03   1.4510220e+04   6.2307285e+02
   1.5035100e+03   1.4517380e+04   6.1443243e+02
   1.5036500e+03   1.4526679e+04   6.0843412e+02
   1.5038000e+03   1.4536643e+04   5.9933882e+02
   1.5039300e+03   1.4545277e+04   5.9394284e+02
   1.5040600e+03   1.4553912e+04   5.8809538e+02
   1.5042000e+03   1.4563211e+04   5.9469522e+02
   1.5043500e+03   1.4573175e+04   5.9496512e+02
   1.5044800e+03   1.4581810e+04   5.6595168e+02
   1.5046100e+03   1.4590444e+04   5.8268182e+02
   1.5047500e+03   1.4599744e+04   5.5453228e+02
   1.5048425e+03   1.4605888e+04   5.4589625e+02
   1.5049000e+03   1.4609707e+04   5.6182650e+02
   1.5049275e+03   1.4611533e+04   5.5791136e+02
   1.5050300e+03   1.4618342e+04   5.4497116e+02
   1.5050550e+03   1.4620002e+04   5.2798444e+02
   1.5051375e+03   1.4625482e+04   5.4353523e+02
   1.5051600e+03   1.4626977e+04   5.4312663e+02
   1.5052225e+03   1.4631128e+04   5.3791848e+02
   1.5053000e+03   1.4636276e+04   5.3512011e+02
   1.5053050e+03   1.4636608e+04   5.3301659e+02
   1.5053850e+03   1.4641922e+04   5.1098588e+02
   1.5054500e+03   1.4646239e+04   5.3155806e+02
   1.5054825e+03   1.4648398e+04   5.2541770e+02
   1.5055800e+03   1.4654874e+04   5.1024265e+02
   1.5055850e+03   1.4655206e+04   4.8617970e+02
   1.5056525e+03   1.4659689e+04   5.0551125e+02
   1.5057100e+03   1.4663509e+04   5.0842663e+02
   1.5057575e+03   1.4666664e+04   5.0462239e+02
   1.5058500e+03   1.4672808e+04   5.0900697e+02
   1.5060000e+03   1.4682771e+04   5.0451287e+02
   1.5061300e+03   1.4691406e+04   4.9949084e+02
   1.5062600e+03   1.4700041e+04   5.0272570e+02
   1.5064000e+03   1.4708955e+04   5.0029303e+02
   1.5065500e+03   1.4717203e+04   4.9933059e+02
   1.5066800e+03   1.4724352e+04   4.9902872e+02
   1.5068100e+03   1.4731501e+04   4.9608753e+02
   1.5069500e+03   1.4739200e+04   4.9198296e+02
   1.5071000e+03   1.4747448e+04   4.9190549e+02
   1.5072300e+03   1.4754597e+04   4.8611101e+02
   1.5073600e+03   1.4761746e+04   4.9102123e+02
   1.5075000e+03   1.4769445e+04   4.9792085e+02
   1.5076500e+03   1.4777693e+04   4.9420099e+02
   1.5077800e+03   1.4784842e+04   4.9084253e+02
   1.5079100e+03   1.4791991e+04   4.9086143e+02
   1.5080500e+03   1.4799690e+04   4.9420483e+02
   1.5082000e+03   1.4807938e+04   4.9350274e+02
   1.5083050e+03   1.4813712e+04   4.9622662e+02
   1.5084600e+03   1.4822236e+04   4.8987750e+02
   1.5086000e+03   1.4829935e+04   4.8735248e+02
   1.5087500e+03   1.4840556e+04   4.8579686e+02
   1.5089000e+03   1.4851406e+04   4.9134481e+02
   1.5090300e+03   1.4860809e+04   4.8457637e+02
   1.5091600e+03   1.4870212e+04   4.8249531e+02
   1.5093000e+03   1.4880338e+04   4.8533397e+02
   1.5094300e+03   1.4889741e+04   4.8917512e+02
   1.5095600e+03   1.4899144e+04   4.9743165e+02
   1.5097000e+03   1.4909271e+04   4.9046920e+02
   1.5098500e+03   1.4920120e+04   4.8818261e+02
   1.5099800e+03   1.4929523e+04   4.8413723e+02
   1.5101100e+03   1.4938926e+04   4.8528788e+02
   1.5102500e+03   1.4949053e+04   4.7885814e+02
   1.5104000e+03   1.4959902e+04   4.8394260e+02
   1.5105300e+03   1.4969305e+04   4.8404023e+02
   1.5106600e+03   1.4978732e+04   4.8335321e+02
   1.5108000e+03   1.4990944e+04   4.7747725e+02
   1.5109400e+03   1.5003156e+04   4.9830999e+02
   1.5110700e+03   1.5014495e+04   4.8345564e+02
   1.5112000e+03   1.5025835e+04   4.8679530e+02
   1.5113450e+03   1.5038483e+04   4.7767210e+02
   1.5115000e+03   1.5052003e+04   4.7465192e+02
   1.5116250e+03   1.5062907e+04   4.7184129e+02
   1.5117600e+03   1.5074682e+04   4.8268028e+02
   1.5119000e+03   1.5086894e+04   4.8566162e+02
   1.5125400e+03   1.5142720e+04   4.8282786e+02
   1.5130950e+03   1.5190276e+04   4.8254794e+02
   1.5136450e+03   1.5237010e+04   4.8920391e+02
   1.5137050e+03   1.5242109e+04   4.8656590e+02
   1.5141950e+03   1.5283745e+04   4.8408881e+02
   1.5147450e+03   1.5335158e+04   4.8914230e+02
   1.5152950e+03   1.5395803e+04   4.8917062e+02
   1.5159050e+03   1.5463063e+04   4.8492505e+02
   1.5163950e+03   1.5514099e+04   4.8088768e+02
   1.5169450e+03   1.5535195e+04   4.7104254e+02
   1.5181050e+03   1.5579687e+04   4.6545122e+02
   1.5185950e+03   1.5630560e+04   4.6177236e+02
   1.5191450e+03   1.5691405e+04   4.6154776e+02
   1.5196950e+03   1.5752251e+04   4.5667273e+02
   1.5203050e+03   1.5809475e+04   4.7050812e+02
   1.5207950e+03   1.5849566e+04   4.5441428e+02
   1.5213450e+03   1.5894567e+04   4.5187158e+02
   1.5218950e+03   1.5943789e+04   4.6256131e+02
   1.5225050e+03   1.6011060e+04   4.7461593e+02
   1.5229950e+03   1.6065098e+04   4.6734193e+02
   1.5235450e+03   1.6125387e+04   4.7664777e+02
   1.5240950e+03   1.6172497e+04   4.4319487e+02
   1.5247050e+03   1.6224747e+04   4.5282064e+02
   1.5251950e+03   1.6270180e+04   4.5600942e+02
   1.5257450e+03   1.6322932e+04   4.5033084e+02
   1.5263050e+03   1.6376553e+04   4.4351371e+02
   1.5269050e+03   1.6432541e+04   4.3593513e+02
   1.5279450e+03   1.6530798e+04   4.4752717e+02
   1.5284950e+03   1.6585332e+04   4.4627133e+02
   1.5290450e+03   1.6639866e+04   4.3454140e+02
   1.5291050e+03   1.6645816e+04   4.3894671e+02
   1.5296050e+03   1.6712463e+04   4.3225957e+02
   1.5301450e+03   1.6789015e+04   4.2915598e+02
   1.5306950e+03   1.6866276e+04   4.2815733e+02
   1.5313050e+03   1.6934476e+04   4.3674904e+02
   1.5317950e+03   1.6989260e+04   4.2554001e+02
   1.5323450e+03   1.7050729e+04   4.3047844e+02
   1.5335050e+03   1.7180292e+04   4.1981595e+02
   1.5339950e+03   1.7224266e+04   4.1303055e+02
   1.5345450e+03   1.7264578e+04   4.1602803e+02
   1.5350950e+03   1.7304891e+04   4.1811956e+02
   1.5357050e+03   1.7349653e+04   4.2125147e+02
   1.5361950e+03   1.7385786e+04   4.1430729e+02
   1.5367450e+03   1.7426344e+04   4.1097586e+02
   1.5372950e+03   1.7466902e+04   4.0619491e+02
   1.5379050e+03   1.7508404e+04   4.0278199e+02
   1.5383850e+03   1.7535964e+04   4.0223362e+02
   1.5389450e+03   1.7568117e+04   3.9846928e+02
   1.5394950e+03   1.7599695e+04   4.0043013e+02
   1.5401050e+03   1.7634719e+04   3.9697819e+02
   1.5405950e+03   1.7667414e+04   3.9865942e+02
   1.5411450e+03   1.7705075e+04   3.8102666e+02
   1.5417400e+03   1.7745818e+04   3.8666012e+02
   1.5422450e+03   1.7780398e+04   3.8862141e+02
   1.5423050e+03   1.7784507e+04   3.8912455e+02
   1.5427950e+03   1.7815045e+04   4.0054462e+02
   1.5433450e+03   1.7847498e+04   3.8866523e+02
   1.5438950e+03   1.7879951e+04   3.9653532e+02
   1.5445050e+03   1.7915945e+04   3.9666321e+02
   1.5449950e+03   1.7952903e+04   3.9402529e+02
   1.5455450e+03   1.8000072e+04   3.9108640e+02
   1.5460950e+03   1.8047240e+04   4.0251888e+02
   1.5467050e+03   1.8099555e+04   3.8566398e+02
   1.5471950e+03   1.8134580e+04   3.8432881e+02
   1.5477450e+03   1.8168152e+04   3.9592913e+02
   1.5482950e+03   1.8201724e+04   3.8578605e+02
   1.5489050e+03   1.8238959e+04   3.8073323e+02
   1.5493950e+03   1.8274362e+04   3.9044068e+02
   1.5499450e+03   1.8319313e+04   3.8395456e+02
   1.5504950e+03   1.8364264e+04   3.8292843e+02
   1.5511050e+03   1.8414119e+04   3.9029831e+02
   1.5515950e+03   1.8450074e+04   3.8893408e+02
   1.5521450e+03   1.8485944e+04   3.8828892e+02
   1.5526950e+03   1.8521815e+04   3.9124781e+02
   1.5532450e+03   1.8557685e+04   4.0233529e+02
   1.5533050e+03   1.8561598e+04   3.8609158e+02
   1.5537950e+03   1.8592271e+04   3.8896061e+02
   1.5543450e+03   1.8625072e+04   3.9197947e+02
   1.5548950e+03   1.8657874e+04   3.9227570e+02
   1.5555050e+03   1.8694254e+04   3.8948421e+02
   1.5559950e+03   1.8727049e+04   3.8654912e+02
   1.5565450e+03   1.8769089e+04   3.9769252e+02
   1.5570950e+03   1.8811130e+04   3.8322244e+02
   1.5577050e+03   1.8857756e+04   3.8222696e+02
